# Particle index         Starting configuration   Ending configuration
2.000000000000000000e+00 2.794000000000000000e+03 2.815000000000000000e+03
9.000000000000000000e+00 1.686000000000000000e+03 1.717000000000000000e+03
1.100000000000000000e+01 1.440000000000000000e+03 1.464000000000000000e+03
1.500000000000000000e+01 1.822000000000000000e+03 1.846000000000000000e+03
1.500000000000000000e+01 2.654000000000000000e+03 2.697000000000000000e+03
2.200000000000000000e+01 1.530000000000000000e+02 1.670000000000000000e+02
2.200000000000000000e+01 1.102000000000000000e+03 1.116000000000000000e+03
2.200000000000000000e+01 1.722000000000000000e+03 1.735000000000000000e+03
2.200000000000000000e+01 2.719000000000000000e+03 2.736000000000000000e+03
2.200000000000000000e+01 2.871000000000000000e+03 2.895000000000000000e+03
2.200000000000000000e+01 2.907000000000000000e+03 2.922000000000000000e+03
2.800000000000000000e+01 1.694000000000000000e+03 1.826000000000000000e+03
2.800000000000000000e+01 2.694000000000000000e+03 2.705000000000000000e+03
2.800000000000000000e+01 3.165000000000000000e+03 -1.000000000000000000e+00
4.600000000000000000e+01 1.456000000000000000e+03 1.473000000000000000e+03
4.600000000000000000e+01 1.503000000000000000e+03 1.523000000000000000e+03
7.100000000000000000e+01 2.875000000000000000e+03 2.885000000000000000e+03
7.100000000000000000e+01 3.020000000000000000e+03 3.063000000000000000e+03
7.200000000000000000e+01 5.600000000000000000e+02 5.890000000000000000e+02
7.600000000000000000e+01 1.285000000000000000e+03 1.309000000000000000e+03
8.600000000000000000e+01 6.870000000000000000e+02 7.450000000000000000e+02
8.600000000000000000e+01 9.160000000000000000e+02 1.069000000000000000e+03
8.900000000000000000e+01 9.190000000000000000e+02 9.780000000000000000e+02
8.900000000000000000e+01 9.820000000000000000e+02 1.015000000000000000e+03
8.900000000000000000e+01 1.174000000000000000e+03 1.288000000000000000e+03
9.100000000000000000e+01 1.652000000000000000e+03 1.657000000000000000e+03
9.100000000000000000e+01 1.701000000000000000e+03 1.737000000000000000e+03
9.100000000000000000e+01 1.730000000000000000e+03 1.737000000000000000e+03
9.100000000000000000e+01 2.898000000000000000e+03 2.902000000000000000e+03
9.100000000000000000e+01 3.017000000000000000e+03 3.027000000000000000e+03
9.100000000000000000e+01 3.120000000000000000e+03 3.127000000000000000e+03
9.100000000000000000e+01 3.137000000000000000e+03 3.167000000000000000e+03
9.700000000000000000e+01 2.796000000000000000e+03 2.874000000000000000e+03
9.800000000000000000e+01 1.286000000000000000e+03 1.315000000000000000e+03
1.070000000000000000e+02 1.380000000000000000e+02 1.510000000000000000e+02
1.070000000000000000e+02 1.471000000000000000e+03 1.504000000000000000e+03
1.070000000000000000e+02 1.640000000000000000e+03 1.681000000000000000e+03
1.070000000000000000e+02 2.393000000000000000e+03 2.411000000000000000e+03
