2.000000000000000000e+00 2.793000000000000000e+03 2.814000000000000000e+03
9.000000000000000000e+00 1.685000000000000000e+03 1.716000000000000000e+03
1.100000000000000000e+01 1.439000000000000000e+03 1.463000000000000000e+03
1.500000000000000000e+01 1.821000000000000000e+03 1.845000000000000000e+03
1.500000000000000000e+01 2.653000000000000000e+03 2.696000000000000000e+03
2.200000000000000000e+01 1.520000000000000000e+02 1.660000000000000000e+02
2.200000000000000000e+01 1.520000000000000000e+02 1.660000000000000000e+02
2.200000000000000000e+01 1.101000000000000000e+03 1.115000000000000000e+03
2.200000000000000000e+01 1.101000000000000000e+03 1.115000000000000000e+03
2.200000000000000000e+01 1.721000000000000000e+03 1.734000000000000000e+03
2.200000000000000000e+01 1.721000000000000000e+03 1.734000000000000000e+03
2.200000000000000000e+01 2.718000000000000000e+03 2.735000000000000000e+03
2.200000000000000000e+01 2.870000000000000000e+03 2.894000000000000000e+03
2.200000000000000000e+01 2.906000000000000000e+03 2.921000000000000000e+03
2.200000000000000000e+01 2.906000000000000000e+03 2.921000000000000000e+03
2.800000000000000000e+01 1.693000000000000000e+03 1.825000000000000000e+03
2.800000000000000000e+01 2.693000000000000000e+03 2.704000000000000000e+03
2.800000000000000000e+01 3.164000000000000000e+03 -1.000000000000000000e+00
2.800000000000000000e+01 3.164000000000000000e+03 -1.000000000000000000e+00
4.600000000000000000e+01 1.455000000000000000e+03 1.472000000000000000e+03
4.600000000000000000e+01 1.502000000000000000e+03 1.522000000000000000e+03
4.600000000000000000e+01 1.502000000000000000e+03 1.522000000000000000e+03
7.100000000000000000e+01 2.874000000000000000e+03 2.884000000000000000e+03
7.100000000000000000e+01 3.019000000000000000e+03 3.062000000000000000e+03
7.100000000000000000e+01 3.019000000000000000e+03 3.062000000000000000e+03
7.200000000000000000e+01 5.590000000000000000e+02 5.880000000000000000e+02
7.600000000000000000e+01 1.284000000000000000e+03 1.308000000000000000e+03
8.600000000000000000e+01 6.860000000000000000e+02 7.440000000000000000e+02
8.600000000000000000e+01 9.150000000000000000e+02 1.068000000000000000e+03
8.600000000000000000e+01 9.150000000000000000e+02 1.068000000000000000e+03
8.600000000000000000e+01 9.150000000000000000e+02 1.068000000000000000e+03
8.600000000000000000e+01 9.150000000000000000e+02 1.068000000000000000e+03
8.900000000000000000e+01 9.180000000000000000e+02 9.770000000000000000e+02
8.900000000000000000e+01 9.810000000000000000e+02 1.014000000000000000e+03
8.900000000000000000e+01 1.173000000000000000e+03 1.287000000000000000e+03
8.900000000000000000e+01 1.173000000000000000e+03 1.287000000000000000e+03
8.900000000000000000e+01 1.173000000000000000e+03 1.287000000000000000e+03
8.900000000000000000e+01 1.173000000000000000e+03 1.287000000000000000e+03
8.900000000000000000e+01 1.173000000000000000e+03 1.287000000000000000e+03
9.100000000000000000e+01 1.628000000000000000e+03 1.656000000000000000e+03
9.100000000000000000e+01 1.651000000000000000e+03 1.656000000000000000e+03
9.100000000000000000e+01 1.700000000000000000e+03 1.736000000000000000e+03
9.100000000000000000e+01 1.729000000000000000e+03 1.736000000000000000e+03
9.100000000000000000e+01 2.897000000000000000e+03 2.901000000000000000e+03
9.100000000000000000e+01 3.016000000000000000e+03 3.026000000000000000e+03
9.100000000000000000e+01 3.119000000000000000e+03 3.125000000000000000e+03
9.100000000000000000e+01 3.137000000000000000e+03 3.166000000000000000e+03
9.100000000000000000e+01 3.137000000000000000e+03 3.166000000000000000e+03
9.100000000000000000e+01 3.137000000000000000e+03 3.166000000000000000e+03
9.700000000000000000e+01 2.795000000000000000e+03 2.873000000000000000e+03
9.700000000000000000e+01 2.795000000000000000e+03 2.873000000000000000e+03
9.700000000000000000e+01 2.795000000000000000e+03 2.873000000000000000e+03
9.800000000000000000e+01 1.285000000000000000e+03 1.314000000000000000e+03
9.800000000000000000e+01 1.285000000000000000e+03 1.314000000000000000e+03
9.800000000000000000e+01 1.285000000000000000e+03 1.314000000000000000e+03
1.070000000000000000e+02 1.370000000000000000e+02 1.500000000000000000e+02
1.070000000000000000e+02 1.370000000000000000e+02 1.500000000000000000e+02
1.070000000000000000e+02 1.470000000000000000e+03 1.503000000000000000e+03
1.070000000000000000e+02 1.470000000000000000e+03 1.503000000000000000e+03
1.070000000000000000e+02 1.470000000000000000e+03 1.503000000000000000e+03
1.070000000000000000e+02 1.470000000000000000e+03 1.503000000000000000e+03
1.070000000000000000e+02 1.639000000000000000e+03 1.680000000000000000e+03
1.070000000000000000e+02 1.639000000000000000e+03 1.680000000000000000e+03
1.070000000000000000e+02 1.639000000000000000e+03 1.680000000000000000e+03
1.070000000000000000e+02 1.639000000000000000e+03 1.680000000000000000e+03
1.070000000000000000e+02 2.392000000000000000e+03 2.410000000000000000e+03
1.070000000000000000e+02 2.392000000000000000e+03 2.410000000000000000e+03
1.070000000000000000e+02 2.392000000000000000e+03 2.410000000000000000e+03
