7.000000000000000000e+00 2.515000000000000000e+03 2.558000000000000000e+03
2.900000000000000000e+01 2.495000000000000000e+03 2.559000000000000000e+03
4.700000000000000000e+01 2.493000000000000000e+03 2.570000000000000000e+03
5.300000000000000000e+01 2.495000000000000000e+03 2.521000000000000000e+03
5.300000000000000000e+01 2.523000000000000000e+03 2.571000000000000000e+03
5.400000000000000000e+01 5.680000000000000000e+02 5.810000000000000000e+02
5.400000000000000000e+01 2.369000000000000000e+03 2.462000000000000000e+03
5.600000000000000000e+01 2.382000000000000000e+03 2.459000000000000000e+03
5.900000000000000000e+01 2.498000000000000000e+03 2.520000000000000000e+03
5.900000000000000000e+01 2.534000000000000000e+03 2.566000000000000000e+03
6.000000000000000000e+01 5.700000000000000000e+02 5.950000000000000000e+02
6.000000000000000000e+01 2.378000000000000000e+03 2.456000000000000000e+03
8.600000000000000000e+01 5.660000000000000000e+02 5.960000000000000000e+02
8.600000000000000000e+01 2.264000000000000000e+03 2.274000000000000000e+03
8.600000000000000000e+01 2.378000000000000000e+03 2.464000000000000000e+03
9.200000000000000000e+01 2.379000000000000000e+03 2.459000000000000000e+03
9.500000000000000000e+01 2.492000000000000000e+03 2.580000000000000000e+03
1.000000000000000000e+02 5.710000000000000000e+02 5.840000000000000000e+02
1.000000000000000000e+02 2.379000000000000000e+03 2.444000000000000000e+03
